
Enter the order of matrix: 4

Enter the elements of augmented matrix row-wise:

A[1][1] : 1
A[1][2] : 2
A[1][3] : 3
A[1][4] : 1
A[1][5] : -2
A[2][1] : 3
A[2][2] : 2
A[2][3] : 3
A[2][4] : 4
A[2][5] : 2
A[3][1] : -3
A[3][2] : 4
A[3][3] : 4
A[3][4] : 5
A[3][5] : 6
A[4][1] : 4
A[4][2] : -5
A[4][3] : 6
A[4][4] : 7
A[4][5] : 9

The solution is:

x1=-0.676106
x2=-0.603540
x3=-0.633628
x4=1.784071